8 + 1 =
2
4
6
9
0 + 0 =
0
3
7
9
10 + 9 =
12
17
19
21
14 + 7 =
5
7
15
21
8 + 8 =
16
18
21
25
8 + 7 =
15
16
17
18
7 + 8 =
13
14
15
16
7 + 4 =
11
14
15
16
12 + 9 =
15
17
21
23
6 + 4 =
9
10
12
13
9 + 1 =
7
9
10
12
6 + 0 =
0
6
16
17
13 + 4 =
11
13
17
19
5 + 2 =
5
7
10
15
9 + 8 =
11
13
15
17
3 + 0 =
1
2
3
4
7 + 7 =
10
12
14
18
11 + 8 = 
11
13
16
19
2 + 1 =
1
3
5
7
7 + 5 =
12
15
17
19
12 + 3 =
13
15
16
19
13 + 5 =
18
20
23
24
14 + 9 =
23
26
27
28
11 + 2 =
13
15
18
19
10 + 8 =
15
16
18
19
7 - 1 =
1
3
5
6
10 - 4 =
1
5
6
18
9 - 0 =
0
3
6
9
16 - 9 =
1
5
7
9
5 - 4 =
1
3
5
6
12 - 6 =
3
4
6
9
9 - 7 =
2
5
6
7
11 - 3 =
4
5
6
8
8 - 2 = 
6
7
8
9
6 - 6 =
0
3
5
6
9 - 4 =
3
5
7
9
6 - 3 =
1
3
6
8
11 - 6
5
7
9
11
5 - 5 =
0
3
5
7
11 - 4 =
4
6
7
9
4 - 2
1
2
3
4
9 - 5 =
2
4
5
7
17 - 9 =
1
2
4
8
8 - 4 =
0
3
4
5
8 - 6 =
0
2
5
6
11 - 7 =
4
6
7
8
1 - 0 =
0
1
3
4
8 - 3 =
5
8
9
10
16 - 7 =
4
7
9
10
10 - 3 =
1
4
7
10
2 x 1 =
1
2
3
4
2 x 2 =
1
2
4
6
2 x 3 =
2
3
5
6
2 x 4 =
2
4
6
8
2 x 5 =
2
5
10
13
2 x 6 =
2
6
12
15
2 x 7 =
7
10
14
18
2 x 8 =
12
16
18
19
2 x 9 =
18
19
20
21
2 x 10 =
5
10
15
20
5 x 1 =
3
4
5
6
5 x 2 =
8
10
15
19
5 x 3 =
15
16
19
23
5 x 4 =
10
14
19
20
5 x 5 =
21
25
30
34
5 x 6 =
30
31
36
40
5 x 7 =
33
35
37
43
5 x 8 =
30
35
37
40
5 x 9 =
33
38
40
45
5 x 10 =
34
45
50
56
10 x 1 =
10
20
30
40
10 x 2 =
10
20
30
40
10 x 3 =
30
40
50
60
10 x 4 =
20
30
40
50
10 x 5 =
10
30
40
50
10 x 6 =
60
70
80
90
10 x 7 =
60
70
80
90
10 x 8 =
50
60
70
80
10 x 9 =
70
80
90
100
10 x 10 =
40
60
80
100